Partie 1 : Prise en main
Q1- B4 91 45 AA 90 00

Q2- 

B4 91 45 AA CA 88 04 00 47 C1 1E 59 B9 00 50 05
00 00 00 00 00 00 00 00 00 00 00 00 00 00 00 00
00 00 00 00 00 00 00 00 00 00 00 00 00 00 00 00
00 00 00 00 00 00 FF 07 80 69 FF FF FF FF FF FF
00 00 00 00 00 00 00 00 00 00 00 00 00 00 00 00
00 00 00 00 00 00 00 00 00 00 00 00 00 00 00 00
00 00 00 00 00 00 00 00 00 00 00 00 00 00 00 00
00 00 00 00 00 00 FF 07 80 69 FF FF FF FF FF FF
00 00 00 00 00 00 00 00 00 00 00 00 00 00 00 00
00 00 00 00 00 00 00 00 00 00 00 00 00 00 00 00
00 00 00 00 00 00 00 00 00 00 00 00 00 00 00 00
00 00 00 00 00 00 FF 07 80 69 FF FF FF FF FF FF

Q7-
03 0F D1 01
0B 55 05 30
38 33 36 36
35 36 35 36
35 FE 00 00


Partie 2 : Pairage bluetooth

message NDEF :
E1 10 12 00
01 03 A0 10
44 03 00 NDEF
FE
